3,2
3,1
3,3
10,79
10,93
10,297
10,301
10,151
10,215
10,19
10,153
10,2
10,3
11,21
9,5
9,7
9,2
9,3
8,16
8,11
8,10
8,12
8,2
8,3
44,17
44,16
44,15
44,14
44,13
44,12
44,11
44,10
44,9
44,8
44,7
44,6
44,5
44,4
44,3
44,2
44,1
44,0
37,51
37,50
37,49
37,48
37,47
37,46
37,45
37,44
37,43
37,42
37,41
37,40
37,39
37,38
37,32
37,30
37,28
37,25
37,23
37,22
37,7
37,6
37,5
37,3
37,2
37,0
34,3
34,2
29,3
29,1
28,3
28,1
27,3
27,1
25,3
25,1
24,3
24,1
20,3
20,2
20,1
19,3
19,2
19,1
18,3
18,1
12,3
12,2
12,1
11,28
11,27
11,26
11,25
11,23
11,19
11,16
11,15
11,14
11,11
11,10
11,7
11,6
11,5
11,4
11,3
11,2
11,1
10,293
10,272
10,253
10,242
10,207
10,188
10,180
10,171
10,126
10,26
